4228
4140
4051
3973
3900
3837
3781
3730
3678
3635
3590
3548
3507
3481
3458
3430
3401
3375
3361
3344
3333
3306
3284
3274
3269
3250
3232
3223
3217
3212
3202
3190
3188
3178
3175
3168
3162
3169
3162
3165
3159
3159
3162
3156
3150
3155
3154
3151
3147
3147
3152
3150
3142
3143
3136
3134
3134
3129
3131
3126
3123
3126
3131
3126
3117
3118
3115
3117
3118
3115
3105
3097
3091
3098
3088
3088
3091
3083
3089
3089
3084
3091
3094
3089
3085
3087
3092
3096
3095
3098
3101
3097
3092
3096
3099
3103
3109
3112
3108
3103
3105
3102
3100
3102
3099
3101
3098
3091
3087
3083
3087
3088
3085
3077
3072
3073
3069
3059
3063
3062
3059
3055
3055
3061
3067
3057
3048
3044
3044
3047
3040
3037
3043
3037
3040
3038
3032
3031
3032
3034
3027
3029
3027
3022
3016
3006
3006
3004
3001
2998
2998
2996
2992
2984
2985
2988
2986
2988
2990
2993
2984
2992
2996
2988
2985
2980
2981
2978
2976
2979
2972
2971
2965
2967
2965
2957
2954
2955
2947
2939
2936
2926
2927
2929
2928
2918
2911
2913
2916
2913
2911
2905
2908
2911
2900
2902
2900
2887
2883
2880
2873
2869
2868
2863
2861
2854
2851
2842
2831
2833
2836
2844
2834
2827
2819
2816
2820
2817
2813
2813
2808
2794
2790
2784
2776
2761
2757
2756
2740
2729
2727
2718
2702
2689
2702
